38 30779
44 18356
7 26037
36 31833
4 23724
35 30263
11 25731
40 4388
21 4660
50 30638
28 12421
18 11837
37 7515
34 11506
22 10477
9 8773
29 1548
43 26383
48 4451
25 16076
24 7932
31 23197
12 25655
14 28819
16 31282
30 26908
5 10509
49 9317
42 32599
13 882
2 3876
8 27195
27 1387
3 28824
6 10437
1 4106
19 17064
10 8533
41 12129
23 224
20 10677
47 18559
46 24892
15 2932
45 25248
 
32 28548
39 17117
33 18622
17 3898
 
1 4106
2 3876
3 28824
4 23724
5 10509
6 10437
7 26037
8 27195
9 8773
10 8533
11 25731
12 25655
13 882
14 28819
15 2932
16 31282
17 3898
18 11837
19 17064
20 10677
21 4660
22 10477
23 224
24 7932
25 16076
26 10812
27 1387
28 12421
29 1548
30 26908
31 23197
32 28548
33 18622
34 11506
35 30263
36 31833
37 7515
38 30779
39 17117
40 4388
41 12129
42 32599
43 26383
44 18356
45 25248
46 24892
47 18559
48 4451
49 9317
50 30638
