1 5440
2 16077
3 20853
4 18958
5 15440
6 17238
7 23627
8 28184
9 26912
10 11016
11 6034
12 24091
13 3038
14 641
15 31081
16 27555
17 7833
18 19217
19 14519
20 4183
21 1832
22 11191
23 12169
24 20298
25 23725
26 26510
27 11204
28 9543
29 28913
30 3768
31 31622
32 16380
33 31672
34 23638
35 17518
36 2530
37 28432
38 70
39 31990
40 14037
41 18578
42 12908
43 23721
44 8076
45 19603
46 21902
47 15498
48 28824
49 22051
50 12835
1 2669
2 13134
3 15818
4 30699
5 6687
6 23008
7 24891
8 11901
9 5673
10 29655
